173.292148
173.539338
173.591278
173.758261
174.092358
174.380716
174.564664
175.156890
173.515688
173.689786
173.886965
174.077502
174.350913
174.653831
175.043654
175.275386
175.088065
176.568398
176.539724
176.018035
175.916361
176.043296
175.729514
174.960101
174.470252
174.384014
174.093690
173.655446
173.402749
173.290022
173.012060
173.046344
172.724315
172.795318
172.733658
172.746863
173.023683
172.919966
172.848783
172.970422
173.010244
172.676004
172.975636
173.879819
173.987353
174.073491
174.185087
174.036362
173.945921
174.001393
174.350427
174.923072
174.882152
174.419664
173.835498
173.126966
172.850524
172.560146
172.092293
171.806587
171.191981
170.885100
171.177169
170.657008
172.264987
172.017439
171.197985
170.586624
168.908079
168.840965
175.760962
175.485526
175.371668
174.999805
174.776238
174.550041
174.296833
174.268778
174.120008
173.446871
173.102176
173.116699
173.212930
173.380282
177.115218
177.110044
177.155841
177.214198
177.377371
177.666164
177.800107
177.540807
177.488693
177.583366
177.725072
178.050512
178.202691
178.354435
178.439582
178.517337
178.557215
178.561223
178.453104
178.477346
178.421289
178.281474
178.208766
178.130108
179.069426
177.841816
177.788897
177.481972
177.301503
177.175263
176.994992
176.778459
176.664571
176.493711
176.148849
176.042483
175.977738
168.765058
168.572298
167.937027
167.872112
167.633554
167.406062
168.251278
168.405397
168.537930
168.674078
168.825725
169.033873
168.119448
168.145186
168.230450
168.291169
168.377628
168.548946
168.946351
168.820925
168.803848
168.911970
168.981381
168.965395
168.933657
168.867858
168.788201
168.921057
168.995905
169.241205
169.481245
169.592307
169.820014
169.674861
169.598681
169.538786
169.547428
169.309976
169.222723
169.233793
169.323617
183.457696
181.791590
182.076215
182.201289
182.371425
182.541712
182.220025
181.977550
181.647692
181.481322
181.319958
181.209819
181.000575
180.901122
180.738204
180.589266
180.342653
180.137685
179.824972
179.617771
179.509177
179.141211
178.657412
178.484662
178.727891
178.660976
178.702627
178.692067
179.018736
179.294121
179.520903
179.695220
179.806795
179.966637
180.067255
180.174541
180.353219
180.432638
180.696932
180.843917
180.940776
181.106851
180.635076
181.097953
181.622781
181.770554
181.864042
181.805133
181.679888
181.420278
181.300560
181.090392
180.894221
180.600963
174.576562
174.575006
174.746785
174.892962
174.448948
174.205932
174.286869
174.322155
174.235624
174.140166
174.127397
174.251642
175.045513
174.405915
174.426780
174.593482
174.750309
175.045428
175.986033
175.880489
175.967575
176.066693
176.192418
176.376152
176.602709
176.731217
176.460968
176.362402
176.113098
176.214434
176.337796
176.391736
176.438133
176.519179
176.625038
176.782496
176.946006
177.322975
177.535694
178.542932
179.037767
178.977158
179.107067
179.415448
179.771028
180.146848
180.553576
180.354250
179.893400
179.470195
179.360876
178.849787
178.911458
179.016716
179.098799
179.176128
179.336543
179.984903
180.667992
180.998518
181.454194
182.112348
182.730352
182.889515
183.141465
183.353686
183.821595
184.028331
184.207576
184.345296
184.440466
184.691554
184.822937
184.963440
185.387766
176.780100
176.879416
176.968175
177.100048
177.141320
177.317320
177.489621
177.692342
177.800320
177.861930
177.929001
177.987239
178.037484
178.121234
178.168358
178.263068
178.301917
178.354357
178.371759
178.407064
178.420282
178.444961
178.516699
178.635674
178.684285
178.717056
178.818514
178.974422
179.062841
179.238328
179.402412
179.615997
179.890378
180.182127
180.647940
180.995689
181.909171
182.654424
183.084888
183.328571
183.599718
183.804959
184.155742
184.368800
184.858111
185.481170
185.593642
185.542354
185.165336
185.094149
184.853280
184.673914
184.606544
184.513762
184.013200
183.599660
182.883967
182.609457
182.544972
182.501216
182.523870
182.535350
182.538170
182.540294
182.519281
182.521410
182.593345
182.655720
182.675029
182.729189
182.746121
182.768210
182.825233
182.928196
176.950998
177.021565
176.986984
177.142588
177.670921
177.477092
177.338997
177.227961
177.200055
177.200257
177.279923
177.283437
177.195666
177.063671
177.038179
177.778286
177.057467
177.041494
176.971619
176.930039
176.787700
177.423576
185.585726
185.851742
185.884263
185.978463
186.046591
186.124996
186.194533
186.018702
185.804835
185.705194
185.604757
185.486960
185.474480
185.486556
185.463360
185.471427
185.543070
185.558386
185.520566
185.440858
185.416003
185.392038
185.407570
185.414670
185.305981
185.259273
185.047613
184.738719
184.503169
184.258463
183.906852
183.658317
183.365876
183.036693
182.531128
181.859732
181.375830
180.839327
180.282634
179.816385
179.462650
179.124898
179.007126
178.834103
178.633324
178.434398
178.144976
177.848343
177.533994
177.179718
176.725782
185.491913
185.492188
185.538407
185.947868
186.147648
185.738387
182.690173
182.648327
182.558883
176.376663
176.589501
176.977258
177.235910
177.060966
177.154061
177.415747
177.720075
177.326644
177.226473
177.235193
177.313402
177.316722
177.418667
177.596553
177.807459
177.955761
178.110628
178.245484
178.377934
168.956295
168.895890
168.877085
168.895032
168.932707
168.961604
169.734499
169.147907
169.353818
169.590895
169.878047
170.250363
171.045852
183.798484
184.670993
184.946933
185.199495
185.363013
181.606197
181.581430
181.561098
181.361547
180.964083
178.978589
177.117417
175.710786
175.591594
175.520829
175.463940
175.288127
179.124898
180.955647
181.080748
181.081418
180.321809
180.647496
182.818105
180.640272
180.638217
180.572139
180.523580
180.499503
180.467811
180.425019
180.953613
180.771170
180.774847
180.994948
180.855884
180.692549
180.451723
180.343079
180.313997
180.284888
180.529063
183.878471
183.971666
183.870352
183.674089
183.536919
183.457176
183.349936
183.216585
183.115141
182.984761
182.842427
182.680251
182.525715
180.832974
181.286322
181.802876
183.015307
183.595776
184.570996
169.143932
169.018407
168.892036
168.791348
168.780308
168.895560
168.989522
169.146935
169.199792
169.131884
169.015655
168.888845
168.819949
168.752137
168.742388
169.548467
168.744893
168.721298
168.682056
168.666368
168.635358
168.579557
168.502339
168.417933
168.476691
168.457479
168.520414
180.600460
180.538659
180.470430
181.520450
180.770978
180.332890
177.292347
177.428693
177.498861
177.587273
177.592603
177.567347
178.187235
177.540382
177.502054
177.456363
177.409931
177.378359
177.341746
177.285028
173.150800
173.835550
174.112697
174.195808
174.295048
174.116423
174.444203
174.530951
174.641373
174.811018
175.037325
175.250447
175.592280
175.873220
175.472170
175.359929
175.356417
175.394527
175.466428
176.782534
174.446159
174.205658
173.929454
173.659702
173.342263
172.928322
172.668293
172.160457
171.920087
171.691593
171.459577
171.228775
170.900263
170.658445
170.624069
170.375823
170.159741
169.996654
169.884600
176.044203
176.133330
176.275029
176.354002
176.441529
176.586272
180.732055
180.467409
179.912263
179.669359
179.425677
178.519571
176.197395
175.937435
175.832721
175.730048
175.630409
175.535604
175.489217
175.507494
175.317939
176.778172
176.452865
171.517112
171.556637
171.624875
171.731582
171.488069
171.576792
171.598574
170.628796
170.570546
170.584171
170.521818
170.433598
170.264656
170.088686
169.954081
169.714503
170.231935
170.189211
170.117571
170.062928
169.976139
169.870747
169.757689
169.744523
169.737404
169.715598
169.624283
169.459830
169.213865
169.100001
169.070067
169.154236
169.190335
169.234326
169.253149
179.080208
178.944276
178.789724
178.655710
178.530735
178.526613
179.933233
183.876780
183.951525
184.638741
184.609077
184.666501
184.726866
184.827435
184.971899
185.123002
185.188246
185.332827
185.428381
185.396864
185.512940
185.606444
185.716139
186.458278
186.263731
186.194034
186.049252
185.875499
185.719101
185.070818
184.604599
184.378557
183.713237
183.427580
183.193908
