48.799951
48.800091
48.800120
48.800200
48.800338
48.800430
48.800487
48.800599
48.800683
48.800752
48.800822
48.800891
48.800961
48.801031
48.801121
48.801205
48.801295
48.804853
48.804969
48.805119
48.805211
48.805311
48.805408
48.805533
48.805637
48.805688
48.805788
48.805861
48.805900
48.805935
48.805990
48.806035
48.806106
48.806173
48.806242
48.806262
48.806315
48.806378
48.806411
48.806466
48.806502
48.806568
48.806608
48.806672
48.806704
48.806765
48.806797
48.806822
48.806886
48.806904
48.806949
48.807024
48.807085
48.807177
48.807272
48.807370
48.807535
48.807623
48.807826
48.807908
48.808084
48.808192
48.808342
48.808480
48.808570
48.808697
48.808826
48.808957
48.809082
48.809211
48.800686
48.800588
48.800481
48.800362
48.800271
48.800175
48.800082
48.799969
48.799861
48.799789
48.799718
48.799803
48.799881
48.800014
48.804723
48.804661
48.804580
48.804527
48.804440
48.804280
48.804193
48.803953
48.803853
48.803754
48.803654
48.803479
48.803388
48.803303
48.803228
48.803070
48.802987
48.802907
48.802728
48.802696
48.802578
48.802509
48.802428
48.802357
48.802274
48.802090
48.802048
48.801905
48.801816
48.801716
48.801542
48.801375
48.801283
48.801200
48.801033
48.800883
48.800776
48.809480
48.809534
48.809510
48.809499
48.809484
48.809462
48.809453
48.809431
48.809420
48.809408
48.809395
48.809383
48.809365
48.809349
48.809338
48.809328
48.809317
48.809296
48.809288
48.809264
48.809248
48.809233
48.809217
48.809206
48.809188
48.809183
48.809163
48.809143
48.809136
48.809111
48.809096
48.809082
48.809061
48.809049
48.809038
48.809024
48.809014
48.809007
48.808995
48.808982
48.808973
48.805569
48.805530
48.805514
48.805464
48.805413
48.805343
48.805333
48.805321
48.805298
48.805284
48.805239
48.805224
48.805204
48.805194
48.805174
48.805155
48.805136
48.805126
48.805108
48.805096
48.805087
48.805076
48.805061
48.805052
48.805005
48.804872
48.804750
48.804710
48.804619
48.804521
48.804426
48.804335
48.804260
48.804169
48.804123
48.804069
48.803975
48.803933
48.803800
48.803700
48.803609
48.803526
48.803473
48.803365
48.803182
48.803088
48.802999
48.802827
48.802744
48.802630
48.802588
48.802505
48.802438
48.802355
48.807645
48.807552
48.807469
48.807385
48.807287
48.807210
48.807133
48.807083
48.806974
48.806873
48.806773
48.806682
48.806611
48.806556
48.806469
48.806383
48.806301
48.806192
48.806098
48.806073
48.806038
48.806013
48.805974
48.805934
48.805959
48.805981
48.806066
48.806175
48.806284
48.806351
48.806379
48.806347
48.806319
48.806276
48.806235
48.806197
48.806162
48.806097
48.806068
48.805993
48.805955
48.805929
48.805862
48.805817
48.805778
48.805743
48.805708
48.802296
48.802185
48.802045
48.802012
48.801904
48.801883
48.801849
48.801818
48.801788
48.801699
48.801550
48.801386
48.801304
48.801181
48.801033
48.800869
48.800803
48.800695
48.800606
48.800447
48.800376
48.800332
48.800246
48.800165
48.800022
48.799936
48.799869
48.799686
48.794197
48.794146
48.794104
48.794037
48.793978
48.793912
48.793828
48.793756
48.793729
48.793693
48.793627
48.793555
48.793530
48.793470
48.793410
48.793319
48.793290
48.793201
48.793140
48.793078
48.793018
48.792959
48.792898
48.792833
48.792762
48.792693
48.792633
48.792576
48.792542
48.792480
48.792419
48.792358
48.792297
48.792237
48.792143
48.792082
48.791956
48.791860
48.791801
48.791742
48.791648
48.791557
48.791430
48.791368
48.791267
48.791134
48.791064
48.790992
48.790864
48.790834
48.790744
48.790658
48.790613
48.790515
48.790425
48.790342
48.790225
48.790147
48.790036
48.789989
48.789858
48.789823
48.789695
48.789656
48.789573
48.789535
48.789384
48.789308
48.789233
48.789089
48.788984
48.788955
48.788892
48.788826
48.802897
48.803029
48.803127
48.803173
48.803326
48.803453
48.803525
48.803676
48.803768
48.803853
48.803931
48.804013
48.804107
48.804206
48.804314
48.804316
48.804354
48.804437
48.804490
48.804530
48.804658
48.804663
48.799595
48.799504
48.799461
48.799388
48.799308
48.799229
48.799149
48.799004
48.798894
48.798820
48.798747
48.798599
48.798525
48.798444
48.798348
48.798259
48.798170
48.798082
48.798040
48.797966
48.797891
48.797814
48.797735
48.797657
48.797502
48.797427
48.797313
48.797165
48.797162
48.797095
48.797003
48.796913
48.796855
48.796801
48.796722
48.796642
48.796588
48.796539
48.796489
48.796439
48.796389
48.796340
48.796315
48.796259
48.796209
48.796159
48.796109
48.796054
48.795998
48.795943
48.795858
48.798077
48.798117
48.798673
48.798971
48.799077
48.799545
48.804119
48.804050
48.803957
48.805946
48.805864
48.805737
48.805652
48.805572
48.805460
48.805387
48.805270
48.805215
48.805143
48.805016
48.804991
48.804903
48.804918
48.804929
48.804939
48.804950
48.804962
48.804974
48.804998
48.808030
48.808064
48.808097
48.808130
48.808203
48.808239
48.808308
48.808305
48.808341
48.808374
48.808408
48.808441
48.808484
48.796974
48.797189
48.797275
48.797340
48.797579
48.805619
48.805617
48.805636
48.805645
48.805676
48.805894
48.806129
48.806413
48.806449
48.806479
48.806515
48.806558
48.796340
48.799992
48.800032
48.800070
48.800091
48.800097
48.800176
48.800254
48.800274
48.800341
48.800407
48.800440
48.800510
48.800560
48.800619
48.800689
48.800726
48.800782
48.800827
48.800872
48.800943
48.800992
48.801023
48.801049
48.801055
48.802750
48.802709
48.802616
48.802528
48.802427
48.802339
48.802232
48.802144
48.802048
48.801955
48.801859
48.801771
48.801679
48.801345
48.801232
48.801107
48.800752
48.800525
48.800089
48.809999
48.810014
48.810027
48.810040
48.810054
48.810064
48.810072
48.810086
48.810098
48.810111
48.810125
48.810138
48.810151
48.810163
48.810175
48.810159
48.810184
48.810200
48.810215
48.810230
48.810244
48.810257
48.810269
48.810284
48.810297
48.810305
48.810322
48.799899
48.799821
48.799742
48.799726
48.799655
48.799587
48.804712
48.804730
48.804740
48.804759
48.804769
48.804789
48.804745
48.804815
48.804826
48.804836
48.804846
48.804857
48.804867
48.804878
48.799269
48.799091
48.799006
48.798918
48.798835
48.798810
48.798752
48.798661
48.798571
48.798481
48.798398
48.798316
48.798218
48.798099
48.798002
48.797910
48.797829
48.797741
48.797653
48.797530
48.806812
48.806852
48.806895
48.806928
48.806966
48.807006
48.807029
48.807068
48.807099
48.807134
48.807173
48.807208
48.807257
48.807303
48.807336
48.807398
48.807436
48.807499
48.807525
48.794616
48.794563
48.794450
48.794391
48.794333
48.794262
48.804520
48.804531
48.804551
48.804561
48.804570
48.793565
48.794509
48.794671
48.794730
48.794789
48.794848
48.794907
48.794966
48.795085
48.795204
48.801469
48.801201
48.811378
48.811458
48.811545
48.811640
48.811684
48.811678
48.811677
48.811666
48.811647
48.811631
48.811612
48.811603
48.811586
48.811569
48.811556
48.811541
48.811532
48.811516
48.811497
48.811480
48.811464
48.811448
48.811433
48.811418
48.811410
48.811394
48.811378
48.810401
48.810315
48.810232
48.810151
48.810046
48.809996
48.809962
48.809941
48.794003
48.794050
48.794094
48.794131
48.794167
48.794204
48.794226
48.805329
48.805340
48.805358
48.805366
48.805383
48.805393
48.805404
48.805414
48.805426
48.805432
48.805446
48.805462
48.805473
48.805491
48.805502
48.805514
48.805533
48.805554
48.805568
48.805578
48.805587
48.805594
48.805611
48.805623
48.805632
48.805627
48.805547
48.805457
