2.127629
2.127458
2.127424
2.127321
2.127149
2.127040
2.126972
2.126836
2.126733
2.126646
2.126560
2.126473
2.126387
2.126301
2.126188
2.126084
2.125972
2.127116
2.127180
2.127271
2.127328
2.127389
2.127448
2.127526
2.127590
2.127594
2.127533
2.127401
2.127378
2.127313
2.127317
2.127298
2.127335
2.127257
2.127183
2.127107
2.126904
2.126663
2.126536
2.126327
2.126187
2.125931
2.125784
2.125532
2.125405
2.125162
2.125034
2.124928
2.124651
2.124574
2.124375
2.124252
2.124185
2.124154
2.124173
2.124256
2.124314
2.124370
2.124499
2.124548
2.124652
2.124721
2.124818
2.124909
2.124939
2.125018
2.125064
2.125137
2.125247
2.125275
2.128667
2.128599
2.128525
2.128454
2.128402
2.128363
2.128353
2.128287
2.128213
2.128071
2.127909
2.127809
2.127715
2.127629
2.127552
2.131055
2.131025
2.130994
2.130975
2.130944
2.130886
2.130853
2.130757
2.130699
2.130636
2.130574
2.130464
2.130407
2.130353
2.130306
2.130207
2.130155
2.130104
2.129989
2.129932
2.129843
2.129799
2.129746
2.129696
2.129600
2.129525
2.129499
2.129421
2.129380
2.129318
2.129211
2.129108
2.129052
2.129000
2.128897
2.128805
2.128730
2.128667
2.125551
2.125696
2.126023
2.126172
2.126356
2.126601
2.126760
2.127031
2.127172
2.127319
2.127468
2.127617
2.127848
2.128050
2.128186
2.128321
2.128457
2.128728
2.128812
2.129037
2.129218
2.129393
2.129600
2.129748
2.130022
2.130111
2.130375
2.130619
2.130700
2.130952
2.131148
2.131294
2.131584
2.131770
2.131933
2.132139
2.132282
2.132377
2.132540
2.132709
2.132831
2.135857
2.135857
2.135997
2.136031
2.136045
2.136019
2.135924
2.135730
2.135528
2.135401
2.135224
2.135002
2.134721
2.134581
2.134306
2.134037
2.133767
2.133632
2.133372
2.133222
2.133097
2.132951
2.132760
2.132636
2.132493
2.132546
2.132511
2.132533
2.132486
2.132418
2.132354
2.132296
2.132249
2.132191
2.132161
2.132126
2.132066
2.132040
2.131957
2.131895
2.131839
2.131787
2.131754
2.131687
2.131573
2.131515
2.131459
2.131352
2.131300
2.131229
2.131203
2.131151
2.131110
2.131058
2.132651
2.132597
2.132548
2.132499
2.132442
2.132395
2.132349
2.132320
2.132256
2.132196
2.132137
2.132083
2.131998
2.132007
2.131953
2.131899
2.131847
2.131779
2.131718
2.131806
2.131932
2.132019
2.132158
2.132305
2.132454
2.132527
2.132600
2.132664
2.132728
2.132768
2.132882
2.133003
2.133108
2.133271
2.133428
2.133573
2.133704
2.133950
2.134060
2.134346
2.134488
2.134585
2.134824
2.134987
2.135126
2.135251
2.135377
2.131058
2.131018
2.130952
2.130874
2.130853
2.130891
2.130976
2.131111
2.131233
2.131353
2.131523
2.131541
2.131556
2.131626
2.131715
2.131812
2.131917
2.131988
2.132060
2.132140
2.132200
2.132319
2.132376
2.132424
2.132517
2.132605
2.132759
2.132852
2.132921
2.133095
2.141717
2.141806
2.141877
2.141991
2.142091
2.142204
2.142345
2.142467
2.142513
2.142574
2.142686
2.142808
2.142850
2.142952
2.143053
2.143205
2.143256
2.143411
2.143518
2.143626
2.143733
2.143836
2.143941
2.144052
2.144172
2.144288
2.144390
2.144487
2.144546
2.144654
2.144760
2.144867
2.144973
2.145077
2.145238
2.145342
2.145557
2.145722
2.145824
2.145927
2.146088
2.146240
2.146452
2.146557
2.146725
2.146904
2.146991
2.147073
2.147211
2.147241
2.147330
2.147415
2.147461
2.147558
2.147649
2.147732
2.147849
2.147926
2.148037
2.148078
2.148197
2.148233
2.148366
2.148406
2.148489
2.148526
2.148674
2.148747
2.148821
2.148961
2.149064
2.149094
2.149157
2.149223
2.126241
2.126326
2.126462
2.126658
2.126617
2.126583
2.126619
2.126706
2.126758
2.126798
2.126824
2.126840
2.126841
2.126837
2.126832
2.126832
2.126831
2.126838
2.126861
2.126890
2.126993
2.127061
2.133182
2.133268
2.133317
2.133397
2.133486
2.133575
2.133664
2.133826
2.133940
2.134018
2.134096
2.134251
2.134329
2.134415
2.134516
2.134610
2.134703
2.134796
2.134840
2.134918
2.134995
2.135076
2.135158
2.135240
2.135402
2.135480
2.135599
2.135678
2.135772
2.135859
2.135996
2.136158
2.136277
2.136399
2.136580
2.136763
2.136885
2.136998
2.137112
2.137226
2.137340
2.137453
2.137510
2.137634
2.137748
2.137861
2.137974
2.138099
2.138223
2.138348
2.138541
2.134918
2.134840
2.134802
2.134852
2.134703
2.134610
2.134516
2.134415
2.134329
2.134251
2.134174
2.134096
2.134018
2.133940
2.133860
2.133826
2.133745
2.133664
2.133575
2.133486
2.133397
2.133317
2.133295
2.133182
2.133095
2.132921
2.132852
2.132759
2.143885
2.143994
2.144144
2.131899
2.131847
2.131779
2.131718
2.131627
2.131578
2.131502
2.131451
2.131404
2.131339
2.131295
2.131225
2.131137
2.131169
2.131134
2.131126
2.131128
2.131331
2.131481
2.131630
2.131779
2.131929
2.132078
2.132215
2.132493
2.132636
2.126740
2.126610
2.126483
2.126356
2.126076
2.125936
2.125856
2.125686
2.125546
2.125420
2.125293
2.125166
2.125001
2.136399
2.136277
2.136158
2.136049
2.135996
2.135859
2.135772
2.135736
2.135641
2.135635
2.135480
2.135402
2.135321
2.135240
2.135158
2.135076
2.134995
2.135857
2.135776
2.135745
2.135654
2.135603
2.135490
2.135377
2.135251
2.135126
2.134987
2.134824
2.134711
2.134585
2.134488
2.134346
2.134060
2.133950
2.133829
2.133704
2.133573
2.133428
2.133271
2.133108
2.133003
2.132882
2.132755
2.132615
2.132501
2.132361
2.132196
2.137974
2.137748
2.137634
2.137510
2.137453
2.137340
2.137226
2.137112
2.136998
2.136885
2.136763
2.138570
2.138433
2.138296
2.138219
2.137994
2.137791
2.137617
2.137541
2.137287
2.137034
2.136907
2.136640
2.136449
2.136224
2.135964
2.135830
2.135622
2.135448
2.135278
2.135009
2.134822
2.134708
2.134610
2.134590
2.145636
2.145615
2.145568
2.145533
2.145499
2.145469
2.145432
2.145401
2.145366
2.145333
2.145300
2.145269
2.145237
2.131556
2.131626
2.131654
2.131715
2.131784
2.131812
2.131867
2.131917
2.131988
2.132060
2.132098
2.132140
2.132200
2.132260
2.132319
2.132376
2.132424
2.132517
2.132605
2.132687
2.132759
2.132852
2.132921
2.133095
2.133182
2.133415
2.133253
2.133118
2.132983
2.132834
2.132729
2.132648
2.132490
2.132354
2.132207
2.132059
2.131924
2.131789
2.131667
2.131545
2.131484
2.131450
2.131288
2.131126
2.130977
2.130825
2.130690
2.130554
2.130394
2.130244
2.130163
2.129988
2.141249
2.141117
2.140985
2.140824
2.140869
2.140812
2.127820
2.128085
2.128220
2.128492
2.128630
2.128911
2.128985
2.129257
2.129393
2.129528
2.129664
2.129800
2.129935
2.130082
2.127846
2.127725
2.127670
2.127614
2.127561
2.127471
2.127506
2.127445
2.127384
2.127323
2.127268
2.127213
2.127146
2.127066
2.126999
2.126936
2.126880
2.126820
2.126759
2.126667
2.131274
2.131121
2.130956
2.130829
2.130685
2.130532
2.130444
2.130305
2.130192
2.130067
2.129928
2.129803
2.129626
2.129455
2.129328
2.129086
2.128944
2.128718
2.128622
2.136277
2.136399
2.136580
2.136763
2.136885
2.136998
2.137112
2.137226
2.137340
2.140975
2.141073
2.141275
2.141378
2.141478
2.141602
2.141717
2.141806
2.141877
2.141991
2.142091
2.142204
2.142345
2.142467
2.142574
2.142686
2.142808
2.142850
2.142952
2.143053
2.125033
2.125181
2.125459
2.125595
2.125731
2.143411
2.143256
2.143205
2.143053
2.142952
2.142850
2.142823
2.142686
2.142574
2.142513
2.142345
2.142204
2.142091
2.141991
2.141806
2.141717
2.141602
2.141478
2.141378
2.141275
2.141172
2.141073
2.140975
2.140874
2.140767
2.140659
2.140551
2.140443
2.140335
2.140118
2.139899
2.129421
2.129380
2.129318
2.129211
2.129275
2.129108
2.129106
2.126649
2.126698
2.126751
2.126809
2.126901
2.126982
2.127004
2.127099
2.127274
2.127422
2.127597
2.127670
2.127827
2.127978
2.128096
2.128224
2.128304
2.128439
2.128599
2.128744
2.128881
2.129017
2.129149
2.129272
2.129344
2.129493
2.129644
2.134324
2.134272
2.134223
2.134174
2.134111
2.134082
2.134062
2.134007
2.124207
2.124045
2.123895
2.123771
2.123646
2.123521
2.123446
2.137033
2.137182
2.137421
2.137545
2.137788
2.137923
2.138073
2.138222
2.138385
2.138480
2.138643
2.138833
2.138954
2.139178
2.139314
2.139477
2.139748
2.140047
2.140264
2.140414
2.140552
2.140633
2.140838
2.140984
2.141051
2.141261
2.141342
2.141434
