140.87
142.23999
141.5
140.22
140.53
141.64
142.48999
158.20999
320.03998
320.1
320.05
319.88998
318.65
318.15
321.8
321.32
321.49
20.57
263.50998
21.91
21.76
21.14
20.17
18.949999
18.52
14.99
317.87
313.44
146.98
336.09
177.65999
356.81998
200.9
322.84
301.21
294.46
290.47998
295.15
295.75
293.38
291.84
292.08
291.15
291.84
291.47998
290.38
309.35
290.63
291.27
291.16
290.91
296.1
324.63998
6.0499997
22.119999
46.37
22.34
22.34
21.74
22.71
22.34
19.18
21.48
22.81
200.73
51.19
201.05
202.62999
321.15
25.07
205.62
203.06999
202.45
202.48
202.11
196.97
197.31
18.22
18.91
308
139.93
140.45999
141.01
140.87
141.69
190.2
189.87999
190.17
190.83
191.58
192.25
192.76999
199.58
200.84999
201.87
202.45999
203.3
203.56
202.51999
202.15
201.37999
200.89
200.97
202.44
203.23999
203.51
205.81999
209.75
205.09999
142.95999
199.98999
199.62
198.59999
200.37999
201.31
202.15999
202.03
201.89
201.97
202.2
203.12
205.43
205.62
214.37999
302.3
284.97
280.75
278.81
276.57
276.81
277.06
277.05
276.91
276.84
275.16998
276.68
277.88
277.96
277.18
276.71
276.50998
55.98
115.97
98.32
276.97998
276.81
276.91998
277.82
307.57
276.41
277.22
276.34
273.57
276.1
277.09
95.04
95.99
95.9
97.079994
96.159996
115.59
105.34
93.67
95.28
82.84
144.79
357.03
349.75
330.16
264.75998
216.75
262.54
259.05
259.94
262.88998
263.69998
263.54
263.91998
264.04
263.43
262.82
262.54
263.28
263.71
263.43
263.04
263.77
263.32
134.95999
172.48
232.47
200.44
202.39
202.03
202.2
202.43
202.36
202.14
202.34
202.56999
201.78
201.61
202.61
202.51
201.54
201.26999
214.51
202.62999
202.81
202.61
202.15999
202
203.87999
209.86
211.79
208.64
203.9
204.3
203.78
204.20999
202.09999
201.40999
202.62999
202.93
202.92
201.05
201.78
202.86
202.76
202.48999
291.88998
202.26999
201.75
202.04
202.29
202.20999
60.829998
109.07
112.6
112.59
113.619995
88.31
65.72
52.28
22.5
22.23
22.689999
25.849998
101.63
112.259995
112.759995
112.29
111.74
111.75
111.68
111.79
112.649994
113.079994
112.409996
111.439995
111.88
111.899994
111.979996
111.72
111.259995
204.3
203.31
202.58
194.09999
183.62999
112
112.07
111.68
111.47
116.7
152.5
157.3
156.55
131.97
155.9
156.44
155.56999
156.11
157
155.7
155.17
152.5
151.86
149.09
145.91
143.78
142.66
144.75
145.19
145.84999
132.29
132.19
131.75
131.25
131.51
131.70999
132.12
132.84
133.25
133.56
133.94
133.3
132.61
130.04
127.479996
130.95999
131.31
131.28
131.15
130.91
131.17
130.7
130.06
130.51
132.12
132.53
132.36
132.28
132.37
132.39
132.25
132.14
131.98999
131.87999
131.75
132.31
133.65
133.69
133.51
132.56
131.52
131.20999
131.73999
132.87999
136.28
140.75
143.05
146.54
148.34
147.59999
147.27
148.44
147.36
147.2
147.91
146.7
145.23
144.65
144.37
144.47
145.28
145.62
146.29
146.43
146.42
146.37999
147.86
148.22
147.91
147.08
147.12
147.34
147.7
147.58
23.6
28.24
71.47
293.11
343.91998
9.37
21.01
21.56
19.3
14.95
9.55
3.9499998
0.39999998
356.35
352.53998
168.68
357.15
14.639999
21.46
23.699999
22.25
86.75
145.3
13.469999
144.95999
144.65
144.56999
144.58
144.73
145.12
145.4
145.11
144.91
145.11
145.37
145.2
145.66
146.19
145.64
144.87999
144.92
145.42
145.4
145.67
145.34999
145.11
145.45
146.2
150.48999
189.90999
143.95999
137.18
125.04
126.67
128.26
126.149994
122.78
122.52
123.149994
124.14
124.92
125.39
126.07
34.579998
122.68
122.06
122.38
123.259995
123.04
123.28
123.829994
124.619995
125.81
145.42
144.92
104.21
247.48
145.64
146.19
145.66
145.2
145.37
145.11
144.68
144.91
145.11
145.4
145.3
145.12
145.06
144.73
144.58
144.56999
144.65
144.95999
6.2599998
145.3
145.84999
145.19
144.75
142.66
133.45
133.56999
134.5
202.04
202.29
202.20999
60.829998
21.48
22.3
22.869999
20.699999
22.66
22.4
18.67
21.33
136.59999
181.34999
188.62
260.83
88.189995
84.409996
84.15
83.84
83.2
83.2
83.36
83.11
134.95999
263.32
111.96
112.25
113.549995
113.119995
111.689995
112.399994
12.67
112.03
110.899994
111.229996
111.78
110.36
116.89
126.149994
128.26
126.67
124.2
125.04
137.18
143.95999
147.23
150.62
204.4
146.2
145.45
145.25
145.11
145.34999
145.67
145.4
82.84
117.14
153.64
120.95
110.75
110.14
111.259995
111.72
111.979996
111.899994
111.88
111.799995
111.439995
112.409996
113.079994
112.649994
111.79
111.549995
111.68
111.75
111.74
112.29
112.759995
112.259995
101.63
293.16998
291.96
293.08
292.62
297.47
123.04
122.38
122.06
122.68
123.67
126.07
125.39
124.92
124.14
123.149994
122.52
292.02
295.33
330.88998
291.57
61.28
247.89
291.74
291.44998
291.88998
291.63
291.78
292.27
292.19998
325.55
292.16
291.72998
294.38
287.75
290.28
291.47
289.94998
291.94998
319.03
291.27
138.45
192.22
191.48
191.68
192.55
192.81999
193
193.20999
192.90999
192.73
193.23999
193.26999
193.17
156.55
131.97
155.93
155.9
156.34
156.44
155.20999
155.56999
156.11
157
156.31999
155.7
155.17
153.98
152.5
151.86
149.09
145.91
143.78
142.37999
142.66
144.75
145.19
145.84999
145.3
278.69
277.53
278.15
278.47998
277.88998
278.38
278.32
278.49
278.31
278.78
278.94
278.61
279.1
278.63998
278.62
197.73
278.46
278.75998
278.88
278.8
278.93
278.97998
279.3
278.9
277.94
277.83
278.12
52.62
50.969997
11.759999
130.01
220.73999
205.43
264.69
264.63
264.25
263.91
263.37
263.47
17.49
263.94
263.72998
263.44
263.36
263.59
263.88
264.43
205.09
204.2
204.12
202.55
230.54
262.52
203.3
203.31
203.65999
204.56999
204.81999
204.43
203.90999
24.1
23.609999
23.699999
24.17
24.26
24.18
247.83
292.16998
111.899994
111.02
111.079994
111.799995
112.28
112.22
111.71
112.549995
112.579994
112.119995
112.02
113.31
112.909996
112.39
112.82
112.939995
151.48
112.49
128.26
126.149994
122.78
122.52
123.149994
124.14
124.92
125.39
126.07
130.29
130.2
131.02
131.34
131.37
131.58
132.29
132.19
131.75
131.25
131.51
131.70999
132.12
132.84
133.56
133.94
133.3
132.61
130.04
127.479996
84.89
84.21
83.43
80.42
78.38
131.28
131.31
130.95999
127.479996
130.04
132.61
242.42
133.94
133.56
133.25
132.12
131.70999
131.51
131.25
132.19
132.29
131.58
131.37
131.34
131.02
130.39
130.2
130.29
130.11
129.72
129.33
129.19
129.19
129.47
129.72
127.71
198.59999
200.37999
201.31
202.15999
22.91
202.03
22.26
22.359999
22.47
22.369999
21.73
305.66998
317.25
349.72
106.329994
98.21
99.99
100.759995
100.29
99.549995
99.09
97.06
143.62
99.99
100.1
100.049995
100.15
99.67
98.82
99.38
99.869995
99.759995
99.38
99.06
201.98999
202.40999
202.17
201.17
203.67
204
213.11
248.9
280.66998
295.86
294.34
294.41998
293.96
293.94
294.05
83.06
84.45
241.37
261.46
258.62
260.35
263.3
264.69
265.91998
265.71
264.5
249.7
264.07
263.6
263.75998
263.27
94.86
83.57
83.96
84.03
83.049995
82.38
80.84
80.7
81.939995
113.95
133.3
135.20999
